# resnet.conv1
7,2,3


# resnet.maxpool
3,2,0


# resnet.layer1
1,1,0
3,1,1
1,1,0
#1,1,0

1,1,0
3,1,1
1,1,0

1,1,0
3,1,1
1,1,0


# resnet.layer2
1,2,0
3,1,1
1,1,0
#1,2,0

1,1,0
3,1,1
1,1,0

1,1,0
3,1,1
1,1,0

1,1,0
3,1,1
1,1,0


# resnet.layer3
1,2,0
3,1,1
1,1,0
#1,2,0 

1,1,0
3,1,1
1,1,0

1,1,0
3,1,1
1,1,0

1,1,0
3,1,1
1,1,0

1,1,0
3,1,1
1,1,0

1,1,0
3,1,1
1,1,0

1,1,0
3,1,1
1,1,0

1,1,0
3,1,1
1,1,0

1,1,0
3,1,1
1,1,0

1,1,0
3,1,1
1,1,0

1,1,0
3,1,1
1,1,0

1,1,0
3,1,1
1,1,0

1,1,0
3,1,1
1,1,0

1,1,0
3,1,1
1,1,0

1,1,0
3,1,1
1,1,0

1,1,0
3,1,1
1,1,0

1,1,0
3,1,1
1,1,0

1,1,0
3,1,1
1,1,0

1,1,0
3,1,1
1,1,0

1,1,0
3,1,1
1,1,0

1,1,0
3,1,1
1,1,0

1,1,0
3,1,1
1,1,0

1,1,0
3,1,1
1,1,0


# RPN_Conv
#3,1,1


# RPN_cls_score / bbox_reg
#1,1,0
